1	chr1	0	6223
2	chr2	6224	12278
3	chr3	12279	17236
4	chr4	17237	21992
5	chr5	21993	26531
6	chr6	26532	30802
7	chr7	30803	34786
8	chr8	34787	38415
9	chr9	38416	41875
10	chr10	41876	45220
11	chr11	45221	48598
12	chr12	48599	51930
13	chr13	51931	54790
14	chr14	54791	57467
15	chr15	57468	60017
16	chr16	60018	62276
17	chr17	62277	64358
18	chr18	64359	66368
19	chr19	66369	67834
20	chr20	67835	69446
21	chr21	69447	70614
22	chr22	70615	71885
23	chrX	71886	75787
24	chrY	75788	77218
25	chrM	77219	77219
